[gd_scene load_steps=2 format=3 uid="uid://cxcabx3t6pw8j"]

[ext_resource type="PackedScene" uid="uid://b28detq6e268x" path="res://assets/graphics/Models/HeavyBoss/LightBossMech.gltf" id="1_5gx44"]

[node name="blockbench_export" instance=ExtResource("1_5gx44")]

[node name="LowerArm2" parent="Node/UpperBody/Arm/UpperArm2" index="3"]
transform = Transform3D(0.984807, 0, -0.173648, 0.0868241, 0.866025, 0.492404, 0.150384, -0.5, 0.852869, 0.0225544, -0.369586, -0.149592)

[node name="Arm2" parent="Node/UpperBody" index="4"]
transform = Transform3D(0.501714, -0.860314, 0.0902342, 0.767732, 0.394786, -0.504709, 0.398585, 0.322495, 0.858561, 0.244369, -0.0437319, -0.111751)

[node name="UpperArm22" parent="Node/UpperBody/Arm2" index="0"]
transform = Transform3D(1, 0, 0, 0, 0.0871557, 0.996195, 0, -0.996195, 0.0871557, -0.00299813, -0.273102, 0.104988)

[node name="LowerArm22" parent="Node/UpperBody/Arm2/UpperArm22" index="3"]
transform = Transform3D(0.939693, 0.34202, 0, -0.296198, 0.813798, -0.5, -0.17101, 0.469846, 0.866025, 0.0078125, -0.339063, 0.0875)

[node name="UpperLeg2" parent="Node/LowerBody/Leg/UpperLeg22" index="1"]
transform = Transform3D(0.984808, 0.165611, 0.0522171, -0.142677, 0.600312, 0.786936, 0.0989789, -0.782431, 0.614821, 0, 0, 0)
